01010110001000010000110001111011010100000011101001
10110100001101011000010101101101010110011100010101
01010110100101010010001011000101000000100100001010
01000111010111011001000110001110110101100001111011
01010000000011000111000101010111011011000110101100
00101001011010001101110000101000101011010010100001
01010110001000000101001000010100100001101011001101
10001101010101101001000101001011110011000001101100
01011000011011110001110100111001010111100011000100
00110001101001000000100111110101101011010000100110
00100100111101110011001001100011101000110001000011
00011010010000001001111101011011000111001100101010
01000111001100010010110100011011011100010101011000
10000100011101001100000101111100111101011011000000
01000001111101100110010011000111010101100010000110
01010100110000010101111011010101100110100000100100
01110100001011100011100101100010000011000000110100
11100101100100011110000100110100110011010011100010
00100100111101100010011011100110111001101110011011
10011011100110111001101110011011100110111001101110
01101110011011100110111001101110011011100110111001
10111001110110000101110000100001001101000110010101
01010111111101111001010111010101110101011101010111
01010111010101110101011101010111010101110101011101
01011101010111010101110101011101010111010101110101
00010000011111010111100000100001101100001011100001
00000001101100110010001010100111111001110100001111
01001101100011001101100101010111110010101000001011
00111000011001010000101000000100011110000101000101
11011100010010011111000011001000110100011010010111
11110111101000101110011101100001011100001000010011
01000110010101010101111111011110100011100001100001
01010000010010100111110100100001000001110010110101
00110101110001011110000000110101011010000101010111
10110100001100001111011000110110000101110000000001
00010110010001010101010111011101110010101100001011
01001100011111110110010100100010011011110110000101
11000000000100010110010001010101010111011101110011
11000101110001101010011000010101000001001010011111
01001000010000011100111110001010100101011000101100
00110110010111010101101100011111000000000101110100
10100101011111001101000011000001110111010001010101
10100100010100010110010010110011101101110010010100
11001111110101100101001111000101010110101100010110
01011011001011100111001001010101011110100010001100
10000101010010010101110001101100101001010001010000
00100111110000100011001000010110110100011101001011
11011011110001100100001110001111000111000100010100
01101111011000010111000000000100010110010001010101
01011101110111001111000101001101101011001111100111
01000110111000011001010000100001001000110110011011
10011011000010111000010000000110110011001000101010
01111110011101010111000101000011001000000000011001
00001000101011010110000011001001011001010110110001
10110000101100000100001001100100110000101010001111
11001111010101110001111110000000110111011000100001
00010000001010100101011000101100001101100101011001
11011000010111000010000100110100011001010101010111
11110111101000111001001001100111111001000101010110
10010001010001011001001011001111000011010101111110
00101000010010000111010000001010000001000111100001
00011001000010000100010100001100100000000101010111
10110100001100001111010011000000011100001110000000
10010001110110000000110111011010100101011101101101
00001100001111010011001000011111000000000101110100
10100100010110000110010111111001001010000110010000
10110100110001111100011101000011111100111100011001
00001110000111000101000110010100110011110100110010
00100000010011110000010000100111011110110110000001
10111001010111011111010000100101111111010110110010
01110001011000010111000010000100110100011001010101
01011111110111101000010100011000100001110101001100
00110011011111100100010101111111001001010000001001
11110000100011011011000000011100010100011011000100
00000001111100001010001001100101001100111000011001
00000010010111000000010100011011110111110000001101
01011010011011110011000100101111011100010101111001
01100001011100001000010011011001100101010101010111
11010110101001010011000010100111011100110010010011
11011110010001011101111100000101000000100101110000
00001000011000110000101001110110001000000100111100
00010100010011001010100101010001011101010111010101
11010101110101011101010111010101110101011101010111
01010111010101110101011101010111010101110101011101
01011101011011000010111000010000000110110011001101
00011101111011000111010101110101011101010111010101
11010101110101011101010111010101110101011101010111
01010111010101110101011101010111010111010001000001
00000010000100010011000000111000010000100110110001
00110100011111011011100001011001010010010101000111
00000000110100110101001011000010111000010000000110
11001100110100011101111011001111000101111000101110
01110110000101110000100001001101000110010010001101
11110101011000001000110011000000111000010000100110
11000100110100011111011011100111001101110011001011
11010111100100001100010011001010000111111101110111
00011111001111010101001101111000011110110101100001
11001001110000011101010000100000010011011000010100
01110101111001000011000100110000011100101000010100
10011111100111000000100011011011110110000101001001
01000011010101000010101101110101010000100000110000
10010101100100010000000011011100111101011010010001
01100101101101111101000011010111001000000100011110
00010100010111011100001100001000010100010001101011
00001000001110110000101101101101011111100000010100
10101001101011000101010010111001110001011101110001
00100111110000110010001101100011100001101001011111
11011110000101000101110111010100110110101100111111
01011100010101010111101000100001010001010101111001
00001001100001000010010011001100101010001011110110
11110101011100011111010111100110100100010111011101
11011110110000101100000100001001100100110001010001
01111110011000010001011100001111010011100001111101
10011000100111010100010111111001101111001101000101
10100100111100010101011111100010100001000011010101
00001101110010101101001000000000000110111001111011
01010010001011010011011101111010000111000100000101
10101000011011000100000100101000011100011011110001
01110111000100010111000011110100110001111011011000
11011110100000111101110111011110010110000101110000
00000100010110010001010101010111011101110010101100
00101000011010010110010011011100110110000101110000
10000100110100011001010101010111111101111010001110
00001010010010010101100101001110010011000000111000
01000010011011000100101000101011011110110101010101
01010000100101001001100111111100110010000110110100
01010101110001100101010000110101001101011001010100
10011111100000011001000110011110000010010001111000
01100100011010010000000001100001010010100001100100
11111001011110001011100111000000001100001110010101
00110010011101000011001011100001111000011111011110
11010010110111101101011110000010010011111000011001
00011010011000000001100001110010001001100100111100
11011100001001001001000001001001001001001001000001
00100100100100100100000100100100100100100100000100
10010010010010010000010010011011110110000101110000
00000100010110010001101000111111010111010011011000
01001100100011011111010101101100010011000101100000
00110010111000011110000100010011000001100111011110
01001111000100101100111010000111010110111100000001
00000001010100100011001101101001001010100111001101
11001100101100011111110001000101111111010010010111
11010110111000000110010010010000101101101000000110
01010011100111100000001101011000010000100001010110
00000011001011100001111000010001011100100110101100
10110101100001011001010000010101000010000100110110
01100101010101011111010111100010111000111111001111
01010100110111100000111011010110000101110000100001
00110110011001100000111101110111000011000011100001
11101001111011001110100101111101011110011100100100
00100110000100001001001100110010101000101111011011
11010101110001111101011110011010000101110000001001
00111110000110010001101001000101001111000101110101
11010000111111001111000010000101101010000001100101
11000011110100100010011001000010111100111111001111
00001011010111111101101100001010110100101100001011
00000100001001100100110000101010001111110011110101
01110001111111011110110010011001110001011101110001
10010111000001110100011010010111010101100101001010
00000010010111000000111100010111100010111001111011
01010111000010000100110100011001000110010111000001
11010001111010000000100110101100000110010101010110
00010111000000000100010110010001111100110111000010
11010111110000000100001100010011100101010001110111
00110000001110000100001001101100010011010001111101
10111000011001011100000111010001111010000000100110
10110000011001010101011000010111000000000100010110
01000111110010110000101110000100000001101100110010
00101010011111100111010101110001011111010110111000
00110101001000011001010000100001111011010110010100
01100110011001110000000100100111111100011001001110
10010100110111010100100110011100010111011100011001
01110000011101000111101101011000011100100111010100
01111101101110011100100100001001100001000010010011
00110010101000101111011011110101011100011111010111
10011010010011110001100101010001010101110101011101
01011101010111010101110101011101010111010101110101
01110101011101010111010101110101011101010111010101
11010101111001000010011000010000100100110011001101
00011111110011100101011101010111010101110101011101
01011101010111010101110101011101010111010101110101
01110101011101010111010101110101011101010111010110
11000010111000010000000110110011001101000111011110
11001111110111101100100011001110000100101100000111
00100011001011100001111000011011000010110000010000
10011001001100010100010111111001101101010011010100
11110111101100001110010011100010001101111101010111
10010110000101110000100001001101100110010101010101
01111101011010100110001101111011010111010011011100
01011000010000001111100111111001110111010000110010
01000000010100110110011111110110010001011111011100
11000111100100000001011101001011110101111001000011
00010011001010000111111101110111000111110011110101
01001000011000011011000011101000001001010111110011
01000011000001110111011110000111101101011000011100
10011101010001111101101110011100110111011100111010
01010011000111010111000000011011001101010010101101
11011000000110000111100110111100011111011110110000
11100100111000111111001111010101001000110010001001
01001110110011101100111011010110000101110000100001
00110110011001100000111101110111011010100110101001
01100001011100001000010011011001100110000011110111
01110111100100111100001111010010111101101111000010
00010010000101101101000101000000100111110000100011
00100001011011010001111101011110011010000110010000
10110100100010000101010011010101001010000101110011
00110010000101101101000101010111111000101000010001
10010000100101101000111000000011010110000001100100
00101101001000110010100101011110010000100110000100
00100100110011001101000111111100111001010111110001
00010101111100101010000101100101110101000110010111
00001111010001100101110000011101000101100001011100
00100001001101100110011000001111011101110110101001
10101001101001011111100110001001110101000111110110
11100111001101001101001011000111100101010111011010
10000001000011110101000011011100100011110000001000
00000110011001110011110100100010010110110111111100
10000101000100000111100010000100111001000011000010
00010100111001110010011100010101101000101100011100
11000110100011011001000010011000010000100100110011
00101010001011110110111100001110010110110100110001
10101001001110001101100001011100001000010011010001
10010101010101111111011110100011100000110100010011
11011101100101000001001000010110110011011100110101
01000110000000010111000100100011011100110101110001
00010101011010010111110011111000110111001101010100
01110001001001111111010101110110111001010011001001
10010101000110000101111111000111110000001100101000
01000000010010000101101101000100000000010011010001
10011000100100001101010111010101110111011101110001
01110000100101111111001010110001100100001110011110
11000100000101100001011100001000010011011001100101
01010101011111010110111100110111000011100010010101
11111000101111010011000111011000011101000001000010
11110101101000011000011110100110010000101010001101
01000010110010110100010110001011100111100000010111
01111010001111010011000101011111000000010011101101
01001000111111011010000110000101101001000100000010
10100101011000101100001101100101100001100010010111
11011010100111010001000111001101000100111101110110
01010000010010000111000100101111011101010111100001
10001001011111011010100111010001000111001010110111
01010100011001000010001011110101010100001000011110
00001010000000111000100101011111100010111101001100
01110010000001000111100001000110010000110000100000
11110000010100010001110110111100110001001010110011
11010001010100000011001000100110111100100111000101
01010110000001011101111010001111100111000100010100
01101111000110100111011001110000001111110100111100
00000100010100001000000110010000110110011100010010
00000110110100010000011001000101001100110110011100
01001000010010101100101011001111000011110100111100
01000110001011000111011001100010000111100001110101
00011001110111000010010101001101101011011110000100
00000011111000100100001100100001010001101001001101
01001100010010011001111111001100100001000101011011
01001100011010100100111101100110001010010110100101
01110001100111011110000001110100110110001101110000
10000011101101001011011001110101001100100001010011
10000110110101101100011010011001110111101100101001
00011001011101110100011001110101000111110110111001
11001000000001011100010010001101110010001011100101
00100111100101110101001110010110100100011111011011
00001001100111000101110111010110110100110001101010
01001111011001010110000001001000001110110110100101
10010101110011010011000111111101100101001101110000
10110011110000101111010111100110100001100100001011
01001100110111110100010100000011000010011101110111
01110101001101000011001101101110001001100001010100
01011001101101001100110111110100010100011101110001
10010111000001110100011001010100001101010011011000
01011100000000010001011001000110100011111101011101
00101001001010010011111001111000010111100010001101
11110101011110010110000101110000100001001101100110
01010101010101111101011010100110001000100110000101
10011011010100110100000101010000100001001101100110
01010101010111110101111000101110001010100110100101
01100101101110011011000010111000010000000110110011
00100010101001111110011101010111010100101001011010
01000111110110110000100110011100100101101001100111
01111011001010000110010000111001011011000100001101
10000101110000000001000101100100010101010101110111
01110010001001010011001111110101100101001010011000
11001100000110100000100101011111100101000001000011
01010011001000010101001101001011001110000011010001
00111101110110010100100001100001101111000000000101
11010010100101011111001101000011000001110100010010
00010101000101001000110011000101100001100101111110
01001010010100110001110001010011001111110101100101
00001100100001011010010001111101101100001001000101
10100110011101111011001010010100110001110010000001
00011110000100011001000010001001100001011001110100
01000111001000000100111100000100011101010100101000
01101001010110011010010000111001000000000111110000
10100010110100110011011111010001010000100110001110
01010111110010101000110010000101010010110101110001
00110010000101000101110101010100001101010100011001
00101001001010011010010110011101001100011100110100
11000111111101100101000011000000010101001101001010
11001101000100011100110100010011110111011001010000
01001000010110100110011101111011001010010001100101
00111001111000000011010110000001101111011110110101
11010001110101000110010111000011110100011001011100
00011101000101100001011100001000010011011001100110
00001111011101110110101001101010000010110001001101
01100101101011000011110010110000101110000100000001
10110011001000101010011111100111010101110111011011
11011101000101111001011000010000000111100101001001
01111101011011100001101101111111000100010111111101
00110001111011000000010111010000110000000000010111
00110111011100111010010100110001110100000111010000
01001010110111011000000110000111100001101001001100
00000101001100010101011000001010010000000111111001
11011101001010011000110011111000000011011101100010
01010111111001010000010000110101001101001001000100
00001101100101110101011111000100010010110000001110
00101100000001110111011100111010010100110001110000
00000100111110000101000101110101110001000110100100
00000101110000011010010010110101100001111001011110
11010111010010100100001110010000110010000000010101
01111011010000110000111101110111000010000011100100
11010100010110001100000111001101110111001110100101
00110001110101110000000110110011010100101011011101
10000001100001111001101111000110010101001000011101
01101100001011100001000000011011001100110100011101
11101100010100000110110010100101011001001110110101
10000101110000100001001101100110011000001111011101
11011111100111011101000001001110110000110000111000
01111010001100100110000101101001001100000011100001
00001001101100010011010001111101101110010101000101
01000110110001101001011111110111101101001011000010
11000001000010011001001100001010100011111100111101
01011100011111110111101100100011011100100010010001
11100001100100011010010001011001110010010000100000
01110100111101011110011010000110010000010000001010
10010101100010110000110110010111010111111101001000
00111111011001100010111001101110011000100101001001
10110000100100001000110010000100010001010101010010
10100100110100010100001000100001000000111110011111
10011101110100101001100011001100000110100000100101
01111110010100000100001101010011010010010001000000
10101001010110001011000011011001011101011001010111
11100111011101001010011000110011000001101000001001
01011111100101000001000011010110100110001100110100
00111111001111000110010000100010000011000010111001
00111000010111011101110011110001111101011011100001
01000100011101100001010100000100101001111101001000
01000001110010110101001000001101110000101100111011
00111101000110000000011100001011011000000000001000
11011100111100010111000101001100110110011010100000
11000000010101001010010011010100101000100001000000
11011001110110111101110100001001100011101101100000
00110111011010100101011101101101000011000011110100
11010000011001000010100010110101100010010010110110
01010101111101110111001110100101001100011101011100
00000110110011010100101011011101100000011000011110
01010011000111010010010101111101011000110010000100
01010001111011001110100101111101011110011100110111
01110011101001010011000111010111000000011011001101
01001010110111011000000110000111100011011100100010
01011110001011100111001000011101011101000011111100
11110000100001011010100001110101111111011110110010
00110011100001001011000001110010001100101110000111
10000110110000101100000100001001100100110001010001
01111110011011010100110101000001011100100101011101
01111101011110010101100011111101110110010101010110
01010000010101000010000100110110011001010101010111
11010111100010111000111111001111010101001101111001
01100001000000110110011101101111011101000011001001
00100001011011011011110111111001000101011111110011
00010000100000011111001111110111101100100101001100
01010110000111010000010010001111110110100001100001
01101001000100100100001001011000010100100101001000
01111101011110011010010100110001110111010000000110
11100101010000101111010110100001100001111010011001
00000100000011011001011110010111000010111101110011
01100000011001010000100000011001000010110110100000
01000000110110000101000010100100101110010101000011
10010100010000000110001011100010111001101110011000
01000000110110001000111111010101000010000101100000
00100000010010010010000101111101011011100001010001
00011100101011011101010101101101101001011111110111
10000100001101000001010000010001000001111110011101
11010010100110001100110100001111110011110100011001
01000010011001000010111100111111001111000010110101
11111101101100001010110100111101011110011010010100
11000111011000011101000001000010111101011010000110
00011110110011110001000101010010010101111101111111
01111001010110100111111101011001010101110001111100
11110101010010000110000110111100000000010111010010
10010101111100110100001100000111011101111000010010
10011101110011000000111000010000100110110001001101
00011111011011100101101100001001010100010111111001
10110100001001000010110100011101110010010010010010
01000001001001011101010111010100011001011100001111
01000110010111000001110100010110000101110000100001
00110110011001100000111101110111011010100110101000
00100100000011001110110100110101100101010111100000
00100100111101110011001001100110111000110100011100
11000111100101100001001110000011110111011101101100
01001100010110100110001101101110010000100110001001
01010001010100010100110000110000110011011101010110
11110001000000000001011100100001001101110101001001
10011100100111010000111010010100000101101101101001
01000111000011000101101101101001011011000111101100
00010001111111010010000011111101100110001100100001
11010110111000110100010110010000100101110000010011
10011100110100110100110110001100110111010101011011
01010010001001010100110101110010001001010100110100
11100100010000010101100111010101100001011000000011
01100101111101101001001111100111000101110111000001
01011111100111110000001100001000010000001100100001
01101101000100100000011001010010000101010011010101
00101000010111001110000001000001010101010101010101
11100101110101010110000110110011000100111110000010
01010111100111100100100110010101100111111000111011
01111010010101010111111000101000010000110100000101
00001101110010001000000010110101101011010000110100
01010111111000101000010000110100000101000110011110
11010001100110101101001101000110000001111100000100
01101111001111000101001101101011001111110101110100
11110100101010000001000111100001000011010000010100
00110111001000100000001011010110101101000011010001
00000010010111000000000111000000100000110101110111
00001100001010110010110100110110011010010000010101
00010101011110011011110001100101001110011101010111
01110111011100010101001100000100001100110110001001
10001011010001110101011101010001100101110000111101
00011001011100000111010001011000010111000010000100
11011001100110000011110111011101101010011010100111
01100111010000111111001000010001000100111110000010
01001111100001100100011010011000000001100001110010
00100110010011110011011100010110011011110010011001
01011001111110001110000010100100000110010110010111
10100010101101101111011011110001100100001110011110
11000100000110100100110101000111110001111100001000
01010110000010100010001001101111001011100011011000
01111101001100010111000001111000101001000001100101
10010111101000101011011011110110111100110111001010
10010110100110001101100101001001100110010001000001
01011011010101110000011100001010011000010001011001
11111000101010011110110111101101011011011011110001
10110100000001001001011111100110010001001101010101
10000111100110001100101111001111110011110000101101
00000110000111010011000100110001011010010000110100
11100100001011000010110101001101010001010011000011
00100100111101010101001111000100001000000010010011
11011100110010011001000011001111100100000000110000
01100101010011000001111100110111001000010111000101
10101001101010000001100111011100001000010000000111
10010100100100001100000101010110000000101100000011
01001001100110101101001101011001010110100101110101
00100001001101100101001100001111000110010011011001
01001101011001011101110000100001111111000100010111
11110100110001100101011010010011010100011111001110
10010001010101110101011100001100100000011000011000
00110000011010010001000000110110000011100010011001
01000001000011000011110000000100011101000011010111
01110010101101111001001110010010010001001000011010
01000111000101000001010110011101110001011100100001
00010000000001100111011000001101011001000111001101
11100000111011011010010010010101111101011000010100
00100111111101110000001100100000010101110010001101
10000010100110110101001010000110100110010101001011
00011100010101110010101100101011001111000011000000
00000101110001010111110010101000010000011101010010
10000011001001001000011101000101110101011110010111
00001011110111001101100000011001010000100000011001
00001011011010000001000000110110000111010010111101
10111100001000011110100101010001101100010000110011
00100011010100110110011110010011110001001000011010
10011010100110111001101111001000100001100001100101
00011111001010100011111001111110011101000011010100
11000001001011001111110101010101111101011111010110
00010111000001000001000000110101010000011001000011
10000101110111011100000100001111010110101000000111
00000010000010000100001100000110000011010101010101
01010100001100001001010011111101110011000101010110
00110010101001010100001010110010110100110110011000
10011111000001001100111100011100110100110100101100
01111101011101100111010000110000010000010000001101
01101100010001000001010110111101011110000111100100
00110000011000001101010111110111100000111011001110
11010000110000011000001101000101100101101101111101
00001110010101110011001100100001011011010001000001
00101000010000001100100001011001010001000001010111
11100111110000000011001000010110110100010010000001
10010100110000110000011000001101100001110000110000
01100000010111010111100100101101010001000000011000
10111000101110011100100100001000011110001010010000
01100101100101111010001010110110111101101111000011
11000001010001001001001000001001010110011000100101
00111110010101110011001100101011001000010110101001
11100000011110010101100101101100011100010100010001
10100110010000001110001111000011101001010110011100
01000010000001111100111100000000110010101001101100
01110111001110100111000001101011010001100100100100
00101101101101011001010010111100100010000000010011
10010110111101001110000110110101100101110011001000
01000100000110010101110011000010110011111001010111
00111010010011100011110101010111001010110100100000
00000001101110011110110101001100100110010101100111
11100110101101001101000110000001111100000100011011
11001111000101001101101011001111110101110100111101
00101110000011010100010000010101001111010111100001
11100100100110011110110100011100101011000110010001
00000011011000001100001010010100000100010100001010
01010100110110100001001000011011000110101100111010
01010100011000010111111100011111000000000100100001
10000100000011000001100101001100000110000011000001
10110010111100110101001010000001000000110110000110
00011000000100000100100110001001000011010101110101
01110111000101110001010101001100011010100100100001
11110001010011000011000011001101110101010101110101
11110101111000011110000010100010100100101001001101
10010100100101111000111001001110100110110101000101
00111010011011010001100100001010011101000101101000
10111001101011001100010001010000111100000010000000
01100110011100111101001110100110110101100111010011
10010101110011101000101111001011000111110000010011
00001100000001110010101100011100011011100011010001
01100100001001011100000100111001110011010011010011
01100011001101110101010110110101001001100101011100
11001000100111101001001111010000010011100100111001
00010000010101100111010101100001011001100101011100
11101000101111001011000111110000010011001101110101
11100011011101011010011011000101001100001011000010
11001111000101111000100001000111010001101001100001
01110001011101110001101101000111010010110010110100
00110100110110000111000111010101110111011101110001
01010011000001000011001101100010011000101101001100
01000110110110110100111101000111110111000000001100
00100111011110100111101101111011010010100101100001
10000101011011000100110001011000001110011011100110
00110010111000011110000011000011100001111010011011
00001011100001000000011011001100110100011101111011
00110101001101010011110101101101001011110110111101
11100000100100011110000110010001101001000000000110
00010100101000011001001111100101111001011000010000
00010010010111111001100100010010000110011101001000
00000110000111000010100100010011011001100110010000
10111000101101010011010100010100110000010010110011
11110101011001110001000010000001111100101001001000
01000111010110010101101001011101010010000100110110
01010011000011100001001100001100010110110110100101
10110001111011000001000111111101001000001111110110
01100011001000110100010110100100111101010111000101
01001100000100101100111111010101010111110101111101
01100011001000010100111101100010000111010011011000
11001101100011011100010001101001000001010001000110
01110101001100010111001001110000101001100001000101
10011111100010101001111011011110110100110101001010
00010110001110000101100101001001001110010001000001
01011001110101011000010110001000011000011001010001
11110010101000111110011111100111011001111011010001
00010110110110111101110100001110010101110001100010
01101110001111000000100000000110011001110011110100
11101001101101011001110100111000010001000011000010
00010000011000001100000110100110010000101101001000
10011011100001100101000011001011000110101101110110
01011000000001100111011001111111000110010110111100
01111001101001001101010001111100101110010111100001
01110101100101010111011011000010110101001000000000
10001101110010111100001111001101010001110101111110
01001011001111100111000101110111010100110000110000
11001101110101010101110101111101011110000001010111
11100111110000001100001000010000001100100001001100
11000010010000001101101100000001110101100101010111
01101100001001010100111000110101000100100001101000
11101000111011010010110000110001101100011111110011
00110101111100111100010100110110101100111111010111
01001111010010111000001101010010000000001000110111
00101111000011110011010001011111011110000110010101
11001100110010000111010010001000011001010000100001
11010011011000001100000001100100111000110011001011
01010001100001011101111001011100000011001000000100
00001100000001010011010001001000000110110100111000
11010100010010000110100011101000101101010011000011
00000110000001011101010111010101110101100101000001
00000011110001100101011100010010000110100100001010
01110100010110100101111001011110010101110011001100
10000101001010011001100110100100010100011010010011
01010001010100110000010010110011111101010101011111
01011111010110000101110000010000010000001101010100
00011001000010100001010100011010000101000110010101
11011000000010011001010011000001001011001111110101
01010111110101111101011000010111000001000001000000
11010101000001100100001010000100110110010100101000
00100111010011010010001100100001010011100001101101
00010101001101011001100011001000100101001110110110
10110100000100000011011001100011001100101111010110
01010011100011110000111010010100010010010001001000
01011011011011110010110000110011001100110111110001
00111101111100011100110100110100101100011111010111
01100111010000111010001101110010001000001010010111
10001111000011110001010011011111010110001100010101
01001100010010000111010000001000011001010000101001
11010001011010001100100001101100111010010011100011
01010001100001011111011001110100000001001010000100
00001100100001011001010001001000000110110100111010
01001110001111110110010100111010011100000110101101
01000100100001001010110010101001011100010000110000
01100000110101010101010101010101111001011000010000
00011110010001010101001100000011100001000000100111
01001101001011010110010101100101011100110011001000
01110000101110011001100001100101001110000110110101
00010101001100001100001100110111010101010111010111
11010111100001111100001100000110000011010101000001
00010000001010010101100100101001010001100101011101
10000000101110010100110000110000110011011101010101
01110101111101011110000111110000110000011000001101
01010000010001000000101001001101100101001000001010
01110100010110100011001000010100011010010011010001
01110001010110011000110010101001010011001111010000
01010100001000010011011001100101010101011111010111
10001011100011101000101111011111110110110000100001
00010000011111100111011101001000010111100000001001
00111101110011001001100110111000110100011100110001
11010001110100001011010001010110110000110000011011
01000010010000101101001100011011010100100001011100
01011010000110100001011101011010011011110001000000
00000101110010000100110111010100100110011100100111
01000011101001010000010110110110100101000111000011
00010110110110100101101100011110110000010001111111
01001000001111110110011000110010001000010111111100
01111100000011001010000100000001001000010110110100
01000000000100110100011010110011101001111101000101
10001001000011010101110101011101110001011100100110
01010110011111000110100001100100001010100110000100
01011001111110001010100111101101111011010000110100
00010100010001000010000001110100110100001100000100
10000101010010011001001010010110110100101101010001
01111111011111110110010100001100000001110100010101
11111101111101000101000010011000111011000011100000
00100101011101101101000011000011110100001100001011
10010000000101110001000010000001110100110100001100
00010010000101010010101100110101001011010110010101
10100000111111011111110011001000000110010000110010
00100111111101111110010010100101001100011101011100
00000110110011010100101011011101100000011000011110
01000110010100000100000001111001001000100111111101
11111001001010010100110001110100000111010000010010
10110111011000000110000111100001100100100100001010
10001101010000101100101101000101000101001001010010
00011101000101110111111101110110010100100001100001
10111100000000010111010010100101011111001101000011
00000111010001001001001000010101010100101100010110
01011011000011101101001011010100000100100001110100
01011111011111110101100101001010011000110001010101
11101000101000010111010110100100110011000100110110
00000001110101100111000110100110110101100111011010
11001101110010010101010001001110010001000001010110
01110101011000010110011000011011010110010111110101
11011100001110000010110111111101111011001010000110
01000011111100111101010100100010111001110010001001
01000001100111011001101001000001010100010101011110
01101111000110110010110100110110011010010000010101
00010101011110011011110001110100101110001101000011
01100101101001110001010100010101100000110100010101
10010000110000111001000111000111010010111000110100
00110110010110100111101100111110011000000110110100
11010001110110011111010100001000110010000111010111
01100010111000010000000110110011001001101110011011
10001100100110000101101000010010110000011100100110
01000010011000010000100100110011001101000111111100
11101101010011010100110101000000010011010110000011
00100010101100001011000001000010011001001100011110
01001111000011101101000000010010010111111001100100
01001101010101100001111001100011001000110111110101
01101001111111010000110011101100010011000101100001
10000101101100010000001110000011010100110101001011
10001101000101111000100001000000110110010100100110
01101011010011010110010101101001011101010010000100
11011001010011000011110001100100110110010100110101
10010111011100001000011111110001000101111111010011
00011001010111101000000010011010110000011001010101
01100001011100000000010001011001000111110011111101
11101100100011011100100101100100111001001110100101
00110111100001011101011010010011001101001100001011
10001011100111001101111000010010100111011100110000
00111000010000100110110001001101000111110110111001
11011101111101011011100000000101101111011001010000
00110010100001000110011101100001101001101110000111
01000001000001111101100110010110010011001000000011
00100001000101100101101100011001010100010001100101
11000001110100010110000101110000100001001101100110
01100000111101110111011010100110101001111010000000
10011010110000011001010101011000010111000000000100
01011001000111110010110000101110000100000001101100
11001000101010011111100111010101110001011111010110
11100000110101001000011001010000100001111011010110
01010001100111011100000000000100110111110001001001
01010010010111010110100100111100001100000000000101
11000000111101011011000010000100011100010110110110
11110010111000010111011110010111000000110010000001
00000011000000010100110100010010000001101101001000
01111011010110010100001101001100010110010100010001
10101001101010000001100111001001110100001110100101
00100101101101111100000110010101101001101011001110
00011101000001000001111000001010000010101001001100
01100011001001000110001100111010000001110001100100
10010001100011010111100010111001110111010110100001
10110110110100111110000011000110110100110101010111
00001110100000100000111100000101000001010101100110
01110001000100100111000100011101010000110000110000
01001001110001011011110001011101111001010110100101
11010110100101101101001111100000110001101101001101
01010111000011101000001000001111000011110101101100
00100001001001100110110001010100000101010110011001
11000100011100011001110101000001100011001110000111
01110000110101010110000001100101101101001111000000
11001110110100110101110111000011100000001000001111
00001111011110110010100001101001000110110011010100
00010101011001000111000110011100011001010101000011
10000100111000111101011000110010100000100000011111
00001001000111111001110111010011010110010101101001
01110101001001010011011001100011011100110010101101
00001100001101011100010101101101101111011001110101
11000010001101110101001000010011011001010011000011
11010011000010111100001100001101110100011101101101
00111101000111110111000000001111011110010001011101
11110001000110010100000100000001111001011110110101
11010010100100001110010101110110101000001100000100
10000101010010110101110001001100100001011001101110
01111010011000110110100101111010010111010110100001
10110100110100011000110101011100110101010001100101
10000100110100110110000111100100111100111000010001
10011010110100001101101101001001110001111000111001
00101110001101100100011001101101001101000111011001
11110101000010001100100011101100000001011101000011
11010010111000110100001101100101101001111111011110
11001001010011000101001010011111010101000100110110
01010011010110010111011100001000010111010110100001
10110100110100011111100111011101001010011000110001
01010111101000100011011011010010011100110011011011
10000100010001010000010000001111100101001001111111
01111011001001010011000101011000011101000001001000
11111101101000011000010110100100100101001001010011
01000001111101011110011010010100110001110111010000
00011011100101010000101111010110100001100001111011
00111100001111110111001000101111011110010000110000
10000100011101001001100011101100000111010000010000
01110000011100111101000101000101000001100100001101
10011100010111010000000100010101100000110000101010
01000010011000010000100100110011001111100111111001
11011101001010011000110011000001101000001001010111
11100101000001000011010101100110010000111101011011
00001000010101010100110110011011010110111000110100
01011110001011100110001100111011010011010111011100
00111000000010000011110000111101111011001010000010
00000100100001011011010001110101000000010011010110
00001100100010101100001011000001000010011001001100
01111001011110110101110100101001000011100111100000
00110101011010000101010111101101000011000011110101
10110001000001110111001100100000011101010100010110
01001101110011101001010011011110000011101101001010
01110111011101110111011101110111000110010111000001
11010001011000010111000010000100110110011001100000
11110111011101101010011010100110100101110101011001
01001010000000100101110000001111000101111001011000
01100101000011100001011101011110010100000100001101
10110001101011001110100101001000001000010011110010
01100010111001001111001101000011101001110010000000
10011011100101101100110111001000100000101001011110
00111100001111000101001001101011010010100000101101
11110101100011001001010101011000000110010110110100
11100011110001100110010110110100111101100111010111
00001000100010010001111000011001000110100100000000
01100001010010100001100100111110000011100000000100
01001000111000011100010000000001100001010010100001
10010011111000001000010000000100100101111110011001
00010010000110011101001000000001100001110000101001
00010011011001100110010000101110001011010100110101
00000001001110011100010000100000011111001010010010
00010001110101100101011010010111010100100001001101
10010100110000111100011100011111110100100000111111
01100110001100100011010001011010010011110001110100
10001100001001001101000011000001100011011000000110
01110110001101011101010010100111111001101110011010
01001100100001101001000111000101000001010100111101
01100101011010010010000001100111011000000101111001
00111100110111000010010111011101010010011010110100
10100000100001111110000001100001100101010010010101
11000110110010100100101000010101010101010100001100
00100000010010100001110000101110011001100100001001
01101000101110011100000011111101001111000000010001
01000010000001100100001101010000011001001110001001
00000011010011011001110101000111010110101000100100
00110101011101010111011100010110000100000011111001
10100101110101011001010000010000111100000101000001
10100100110000000101001101100111001001110100001100
10000100000011010001001011011010000110100101110101
00100001001101100101001100100001001101100101001100
00110001100011001101100101101001110100001110100111
00100000001000011110000010100000110100110110000111
00011001110001100100110110010100110101100101110111
00001000011001010111001101010101010101010000110000
10100101011010010111010110100001101101001101000110
00110100011001101101001101000110010101110011001101
10010110100111101100111110011000010001110100101110
00110100001101100101101001110001011110010011111000
11001101101101001001110011001101101110000100010000
11000110110001010011000010110000101100111100010111
10001100100010101100011110010011110010000100000111
01111001010101010110001100011000010101100100110100
10111001100100001110110001001001101111010110010110
11010101100101101101001100100100111000110011001100
10001100110010111101101011000100000000011001111101
01101000000111010111011100010101010101100010101100
01010000001010001101010010111101101011001101100011
01010101101001000111010111100000000001100111000011
10001110110000101000101011000101010000101001000101
01011010010101110111010101011011000110100110110101
10001001010111010110000011011001101100001101110100
11100001110101011000000001100111010001000001011111
10011101010010000101110001001001110111100100010011
00011100001100010000011001000110000111000011001001
11110000100110000110010010011100010001001001110011
00010111011100110011001011000010110100110100001111
10010001000000010000110010000001100001000001101000
00110001011110000010010100010000001010110111100001
00100101100111010110000101101101000101010111010101
11010101110101011101010111010101110101011101010111
01010111010101110101011101010111010101110101011101
01011101010111100111010101011000011001100011010001
10111001101110011011100110111001101110011011100110
11100110111001101110011011100110111001101110011011
10011011100110111000011101001101100011000001100010
01110101001110100110000001000001000010000101000000
11101101001100000110000010000100011100010101100010
10110001110001000110001001010011101101101101011001
10001101010100010101110001010110110100110001101010
00101110011000010001010000111010001011110111111101
10110000100101000100000010101101111010001011100110
00010001010000110011011001100010111001000111001100
01001010110010000001010110011101000101101001011010
00011110000000010010011000100011001111100010101101
01010100001110011000110101111000000110010100000000
10100011010001001000011010010000111000000011000101
11000000100101100100000010001101110011011100001011
00111110001010110101010100001110011000110101111001
01000001011001011111110000111101010000010111000000
01100101000001100111011110000011101101100010000011
11000101010010101001000111001100010010111100110111
00110010010011110011110100000111001001110000111101
01000100110111000110000101010001001100001001110111
01010011101101011111000000110101100000110010001011
10011110100111100101000101001010010100010101101111
00010111011101010011101101011111000000110000101001
11101001110111000110010101111001010001010010100111
00010111101101000101010111010100111001110111010000
00010101100000000101010010001100110110100100101010
01110011011111010010111100010001001001000011111101
11001000101111011110010011101000101111011111110110
11000010010100010000001010110111100001001001001000
01011011010001100101001110011010100111011100111110
00000110001100000000100101011011010111100001100001
11100100111110000101110100100000010010010111110111
10010001011101111100000111010001011101111111011101
10010100100100100000010101001111000110010000010000
01001101000110000011101100011100010001100010110000
00000101011011010100010001010001101110001100100110
00010110100101000101010110000010111101010100000011
00010110100100101000111100010111100101111000001011
01111111011110110010100101100100000010100101111000
11001000010110010100010001010001010111010000000110
00110001001100110101000111010100011001011100001111
01001000100000100000100101001000010111110001001100
01111000000110010100001000100100011001110101000100
11100100001100001000010001111001110001011101110001
10010111000001110100000010000010000000011010010000
11010111100000011001010000000010010001100101110100
01011110001100100010001001101110011011100110111001
10111001101110011011100110111001101110011011100110
11100110111001101110011011100110111001101110011011
10011100110010101001000111001100010010011101110111
01110111011101110111011101110111011101110111011101
11011101110111011101110111011101110111011101110111
01110111011101111001001100110001011101100100000010
10010111100111011101110111000101010110101100111010
01110100010110100100000100001001010101100110100100
00001100000100001000110100000001101100010101100010
10110001110001000110001011010010000001110110001001
10001001100010101101010101000011100110001101011110
00000110010100000000101000110111011110010111001101
10011000101110010001110011000100101011001000000101
01100111000100010000011110010100100001110100000110
00001111000001001001001000000101010011110001101101
00100010001011010101110000101011001100100010101001
01001100101000011010010000111000000011000101110000
00100101100100000010001101110010001100110111000110
00010100010001000001100111001100010000110100000011
01100110010011000101110100001110011000110101011001
00000000101101011001010001000101110111010100010111
11110111111101100101001011000000000101011011010001
10010000100101101000110010000111010101110101011001
01111111011001010101110100111010011011010110000001
00010001100011011011100001100000110000010000100011
01000000111001000101011010100011000101001100011010
10010110100000011101101010011010100110001000110101
01011000011001100011010101100101000001010001111101
11100001110101000011010100100001100101000011100111
01110001011100110110011000100110110001110011000110
10001100100000010101101111000110010000111100010100
00000111010000010000101101000001001011000000000101
01101101000110010100110001110101001010001100110011
10010011101000000110000100000110100000110001011110
00001001010001000000101011011110100011101101111001
00001101000110010000111001111011000100000101000000
11111001101100010001010101100001100110001101010110
01000000101001011110010100010001011101111000010111
11011001110100000001001010000100000011001000010110
01010001001000000110110100111001000010010000110101
01110101011101011001010110110101100110001101000011
11000001010000011001000010110011111101110001011000
00001000100011001000011101011101000101111101111111
01011001010010110010000001010110011100010001000001
10011000100001000101000011101000101111011111110110
11000010011000111111011100010001100100001111000110
10001011110111111101101100001001010001000000101011
01111000010100110011010100011101010010110001101001
00110001011101011100010011011000000110000111000111
11000101000101111111011111110110010100110101011110
11000010000000111000010000001101100101111001011011
00111110000010110111111101111011001010010010111101
01110001011010001011110111111101101100001001010001
00000010101101111000010000010000010000100100001011
11000010010001111100110100010111110111111101011001
01001101011111100110001001101110011101000101111101
11111101011001010010110010000001010110011100010010
01100110110001110111000010010101000101111111011111
11011001010011010101111011000010100001110100111000
00010011001010100101001100111110001011010101111100
01011001101110000111110101111101000001000110000000
10110001001100100110010101100000110001001110001101
10011010010000001100000100001000110100000001100101
00111011010111110000001100001010010101010110001100
01100001010101001101000000111001010100010101000010
11000001100100010111011111010011110000100010000101
00011000100111011100010110011011100001000000111110
01101000001111110111111100110010000101100100000000
10110101100011001001000000011001101100010001010101
10000110011000110101011001000000101001011110010111
10010110010101001001101011010000110110110100100111
00011110001100110110110100100111001100110110111000
01000101111111001000100111111100010011000001100110
00000010111000001100001001110111110100111100010001
10000001110110100000111111011111110011001000010110
01000000001011010110010100000110010000110000101100
00100000000010000010010010110000110101011001100000
10110111111101111011001010010110010000001010010111
10010111100010010000010111011111010001011101111111
01110110010100100100100000010101001111010010101100
10101100010010010010110011110100011111011110010001
01110111110000010100011110100111101000110010000111
01010111010111000101101110011010010111010101110100
00011001000000000011100100111010011011010110000001
00010001100011011011100001100000110000010000100011
01000000111001010011001111010111000000111000001011
01010101100011100100001101010110110100000001101101
01001101010011000101001101010011001110000100111001
11001000001010010100110000101101011110010110110011
10000100000001111001010010010101000101111111011111
11011001010010110000000001010110110101101101001011
00111010010111010110100001101101001101000110001101
00011001101101001101000111011001111101010000100011
11110110010001011111011100100110000001001100000001
01010100010001010001101111000010110011001000011101
00111100010001100000011100110110010100010001001001
10111001110110011100110001101000011110010110010100
00010001000001101101011001100011010000111111010001
01011111110111110100010100001100100000010101101111
00011010011001100100110101000100010010110011111000
00101101111111011110110010100101100100000010100101
11100010011101001110001001000001001001001001001001
00000100100100100100100100000101110111101100110001
00000100000100100001000000111110001001100111110001
10110001011100011010000011111101111111001100100001
01100100000000101101011000110100110001011001011011
11000100100110111101111110010001010111111100100101
00111110001111100000110000100111011101110111000100
10001100111110000100110111011101001110000110110101
10000011000100111010010111010011000001100000000001
00011010000001110000110010011000010110100101000101
01101010001100010100110001101010010110100000011101
10101001101010000010000010000000010100000001010111
00010011001101100000011001010000100000010001000111
11010001100110010000110010000001100111101101001011
00001100001000010000001100100001000100100011001101
10100001011100011010110110011001000011010110010011
01010100010000001110001010010011001100001101000001
01001110100110110100011001000011100101111001100011
01000011010000010100010001110001001101100000011000
01110001111100010101100100110100110010000110010110
11110010110101011100001000000111110001010110011011
01000110010010010100100101001110110111100100001101
00001111010101100101010000001110010110110100110001
10100001111110001101100111010101001101000110100000
11010111010100111101010111010101100000000100000011
11000010010101001101101000010110110010000101011011
01001100011010000111111000110110001000110111010100
11111101110011000101010110001101011000000010110010
01010110110101100110001101000011110000010100000110
01000011100101111001100011010000110111010100110101
00010001000000110010000101010110011000110010110100
01100100001101011001000101011100011101011011000110
10100001101100111000001110110100101000010101001101
11000110000101000001110000010100000110010000101001
01010011011010100011001000001011001110110011100000
01000100011111010001110111010001101001001101010000
00110001001100101101010100110000011000001000010001
10000000010100001100101110000111100001110001010110
00101011000111000100011000101101001000000111011000
10011000100000000000100000100100101100001101010110
00000110010100001000000100010001111101001101011001
01001110110000100100011001011101000110110000011001
01000011001011010001100100001000000100010001111101
00011001100100000011000000011101001101011011000101
00110011011001111011000101110011010100011000001110
11000001100011011101000001010011100001101101000110
01000011001101110001100001010000011111010110110101
00010001110001001101100000011000011100011111000101
01100100100001100010010110110111100101100001000000
11011001100101111001100011010000110100000101000001
00110110010000100001110100110110001101110101001101
11111100110001010111100011110100000000001110100101
11100101111001100011010000110111010100110101000001
10010000110011011100011000010100000111000001010001
00011101011011000100100001000010001000000110010000
11111000000001001001100110110001110111001011100110
10110011000101110111000101010010101101101111001100
01001000010111101001011010000000110010000101001110
00011011010100010001010101011000011101100111110100
00100001010110001000010001110100110000010111110011
11010110100001011100010010010111111001100100010001
11010101100010000100011101001100000101111100111101
00001110010000100110000100001001001100110010101000
10111101101111011011000011000100001101011000100000
11000000110100111001011001000111100001001101001100
11010011100010001001001111011000100011001001100001
01101001000111110110010101111110011011110010111101
00101100101101000011010011011000011100011101000110
10010101001100100111010011100001110100111010011101
00011010010101001100100111010011100001110100111010
01110100011010010110001100110110010110100111101100
11111001100001000111010010111000110100001101100101
10100111000100110110001001110100111000011110001100
11011011010010011100110011011011100001000101010010
01101011010000110110110100100111000111010001110100
11101001110100011111000010110000011001000001000000
01100110000000010101001011000100000000111110011101
11010001100110110100110100011101100111110101000010
00111010010111010110100001101101001101000110001100
10110001010011001001110100111101001010010001110011
10100101111101010000010010000101110101110001000110
11011011010011110100011111011100000000111000010111
01011010000110110110110100111000011010110000110100
11101001110100011111000010010000111011010010110111
10100001100100011011001111100011001101101101001001
11001100110110111000010001010100100110101101000011
01101101001001110001101000110001010100110010011101
00111101001101011111110110000100010100010111110001
10010011011001010011010110010111011100001000011010
01011101010010000100110110010100110000111101011110
01010011001001110100111101001010001111110101110100
10111101111100001100100000000100010001001110110110
00110011011001011010011110110011111001100001000111
01001011100011010000110110010110100111000100101011
00101010011101000110100101111001010010000110001001
00000100110111010001100110110100110100011101100111
11010100001000110010000111010101110101000101000010
00000010010010011001010001000101110000111101001100
00010111000111010001101101111001011000010111000000
00010001011001000110100011111101011100011010010110
01110101010100011111011011100101111000101110011000
11001011100001111000011000001011110011101001011001
01111001011000010111000000000100010110010001101000
11111101011100011010010110011101010101000111110110
11100101111000101110011000110010111000011110000110
00001011110011101001010110011111000011000000111000
01000010011011000100110100011111011011100011010000
11001100101010000011110111011101101111000101110111
00010001011100001111010011000001011100011101001010
11000011110001011000010111000010000100110100011001
00100011011111010100011000010110011101010101000101
11111001101101011000100110111000110010011000010110
10010000001001110011001000100011000101111001011000
01011100000000010001011001000110100011111101011100
01101001011001110101010100011111011011100101111000
10111001100011001011100001111000011000001011110011
10100110101101011111001011000010111000010000000110
11001100110100011101111011000011010010110001101010
00100011011111010101101101000101010111000110010101
00001101010011000001010110011101000101011001010110
01010000010101000010000100110110011001101000011111
11011101010010100100011101010101000111111100111011
01111000001110110011101100001100001110000111101101
10010101110100000101110001110100010000001011110001
11010111111001100001000101000110111100001111010001
01000100100000110101111100001100000011100001000010
01101100010011010001111101101110001101000011001100
10101000001111011101110110111001100100001100100100
11000001011100011101000110110011011100000010011100
11001001010001101101111000001011110011101001010110
01011011010000010111100101010010001100000011011100
00001001110011001000100011000100110111000000100111
00110010011000111101011011110000010101100111010001
01011001000110010101000100001100100000011001101100
00001100011110010011110000110000010010100001000001
00101101001011010010000100111100110010001111110011
01110000111000000001000100100011100001110001000011
00001101000011010000001101000001010100001000010011
01100110011010000111111101110001000111010101010001
11111100111010001110000001101101000011000011100011
11100010011101010111010110110100101100001000000111
11000000110010110100101101000010000110100100001011
01100011010010110100101001000011001011010010110100
00110100110010000101010110010100111100001111110010
10110010000000111100011010000000000101111100011010
11011101110000110000100111011111000111100001100101
00100101001000100000110101111100000111010101010001
11111100111011011110000011101101001111001100100011
11110011011100001011001111000010111001000000010111
01001001010101011000000110010110110100111000111100
01100110010110110100111101100111010111000010001100
10000001100100000011100001110001000011001011010010
11010010001100101011011111000000101101111110010010
11011010000100101001110111011101110111011101110111
01110111011101110111011101110111011101110111011101
11011101110111011101110111011101110111011101110111
01110000001001110011001000110110101001110000010111
10011101000101011001001110011011100110111001101110
01101110011011100110111001101110011011100110111001
10111001101110011011100110111001101110011011100110
11100110111101100001011100000000010001011001000110
10001111110101110100111010001010000111111101110011
00111000010010110000011100100011001011100001111000
01100000101111001110100011011001110010010000100110
00010000100100110011001101000111111100111010000101
00010011100010101000111111010111010011110000111001
01010101010001110111101100110110011010010111010101
10010100101000000010010111000000111100010111100011
00100001110101011101011011000010111000010000000110
11001100110100011101111011001001110101010100011111
01101110011101110001100101110000011101000110010101
00001101010011000001010110011101001011001111110010
11000010111000010000000110110011001101000111011110
11000011010010110001101010001000110111110101011011
01001011010111100100010000000011011100110101111000
01000101101101001111110101000001100101011100110110
11100000000100111110000101000111010001011010010011
11000111010010001100100101010101100000011001011011
01001110001111000110011001011011010011110110011101
01110000100011001000000110010000001110000111000111
00100011100101000110011101010101000101111110011011
01000010100111110101010000000011000000011100111101
00001000011101000101101001001111000011110100101001
10011100101011011001100010001000110011001010100000
11110111011101101100010000000001111100001000010010
00011100110101100000000101011110010001000000001101
01001111011110100100010100110110011111110100000101
11100101011100010101000100011001110101010100010111
11100110110100011010010111110101111000010001000100
00011001110011000100001000000100110110000100010001
00100011011100100011100100101000000011000010111101
11001101100000011001010000100000011001000010110110
10000001000000110110000111000010111001110001001000
01001010110010101100111100001111010010111000110100
00110110010110100111000101100011001101100101000001
01010100110011001101100101110001111000010011010011
01100001111001001111001110000100010001101111001001
10000110110101100101111111001101110000101100111110
00111001000111010111000100100111010101010001111101
10111001011000001011110101010100001000011110000010
10000011001000010001001111000001101001101101011001
11011111000101111000111010010111010110100001101101
00110100011000110100011001101101001101000111011001
11110101000010001000110111100100110100010110100100
11110111100100111100010111010111010101001100011010
11000010010010000001100100000011100001110001100111
01010101000111110110111001011000000000010011111000
01000001110000010100010001100101010011001010100000
11110111011101101100010010100001101001100101010010
11000110010001000001100101011100110000101100111100
01101010001000110111110101011011001101000111111100
11000100111010000011110111011101111001001110100010
10000111111101110110010001010111111000101000010011
01010011000110101000100011011111010101101100010000
00100111010000100110111001110010001110010110111100
01011101111001010101010100011101111011001101100000
10110001001101011001011010110000111100100111010101
01000111110110111001011001011110110101110100110111
00001011001111100010001101011000010011100010101000
11111101011101001100110011001100100101011111010110
11110010011101010101000111110110111001011001011110
11010111010001101101100011010001110011110001011101
01100111010101010001111101101110010110000010111001
00101001111011011110110100101001010111011111100100
10100011110000011101010101000111111100111011011001
11011011110111010001011110001100110010101000001111
01110111011011000001001100000110011101110001101101
00010101011110010100110011101100111101000001010100
00100001001101100110011010000111111101110100011010
10001000110111110101001110011000110010111000011110
00001100001110000111101001100000001111000110100101
01100101110010010000100110000100001001001100110011
01000111111100111000010100100100111000101010001111
11010111010011110000110000000000010111001001110101
01010001011111100110110100000000001010100100011001
10110100100101010111100110111100111100001100000000
00000001001101111100010010010001000001001111000110
00011101100100001001110100011111110011101101100010
01100010010100110001101101110010000101110001011000
10011000100010000110000110010100011111001010110111
10000000010000001111000101000001000001001110011100
10011101000011101001010000010110110110100101000111
00001100010110110110100101101100011110110000010001
11111101001000001111110110011000110010000111010100
00110011101100111111010011000111011101001111001101
00010110100100111101010111011011110100101100111010
00101000011111110111011001000100001010010010111001
01010000111001001101110010001000001010010111100011
11000011110000011101010101000111111100111011011000
10010101000101011100101010010111000111011101011110
00110011001010100000111101110111011011000101011101
10101000000100011001000011100101101100010000110010
01100101011001111100011111000110101000100011011111
01010110110001001000100110001110010101001001100110
01110101010011010001101000001000010011100010101000
11111101011101001100010000001001111100001000110010
00010100111101100010000101010110010001000000001101
11001111010110100100010110010110110111110100000111
01001110001010100011111101011101001100010010101001
10101100010101001011100110101000100011001110100010
10000111111101110110010011010010111101101111000010
00010010000111001101011000000001000100100101110000
01001000010100010111001100101010000011110111011101
10110001001010000110100110010101001011000110100000
10000011101101000010011111110011111000000110010100
00000000010001000000110110000010010000001101101001
00011101010101000111111100111011011000100101010001
01011100101010010111000110001001000011010101110101
01110111100101100001000111010001111101100110011110
11011001110001101001101101011001110110101100110111
00100101000111010101010001111111001110110110001000
11111101010100001000010110000000100001001110010001
00000101011001110101011000010110010001101010001000
11011111010101101100010101011110100010000100001111
00000101000110110110111100010000010011100100111101
11001100111101011100110100110100110110001100110111
01010101101101010010010011100010101000111111010111
01001100010000001001111100001000010110000000100001
00111001000100000101011001110101011000010110010001
10101000100011011111010101101100010000001001110100
00100001111000001010001101110101111000110010001001
11010101010001111101101110010110010010011101111001
00001001010101000111111100111011010010010101010101
00011101111011001101100010101101110101010000100110
11100110011101010101000111110110111001011000000000
01001111100001001101110011001110100010100001111111
01110110010001000010100100101110010101000011100101
10111100010111011110010101010101000111011110110011
01100000101100010011010110010110101100001111001001
11010101010001111101101110010110010111101101011101
00110111000010110011111000100011010110000100111000
10101000111111010111010011001100110011001001010111
11010110111100100111010101010001111101101110010110
01011110110101110100011011000111000111100001110111
00001011001111000110101000100011011111010101101100
00010101001001010111110111111101111001010110100111
11110101100101010111000100110010101000001111011101
11011011000111110101101110000110110100011001110101
01010001011111100110110100000010011000000100111001
11001101111000001110110100101001110111000100100111
11000011001000110100010000000011000001100101010011
00000111110100011101001011001011010000110100110110
00011100011110000100110100110110000111100100111100
11100001000111010000000100100100011100001110000100
00000011000001100101010011000001111101000110011101
01010100010111111001101101000111010001110100101111
01101000011001000110111100010000000011000011100101
01001100100111010110110100011001010011001110110011
11010000010101000010000100110110011001101000011111
11011101000110101000100011011111010100111001100011
00101110000111100000110000111000011110100110000000
11110001101001010110000111110000110000001110000100
00100110110001001101000111110110111000110100001100
11001010100000111101110111011011110010110000100000
01111100000111010101010001111111001110110110000000
00101000010001000110110100100101010111000110110110
11110010110000100000001001000111111100110010011001
00001100110110011000111101001100000001110100011111
01101110010110000001100000110100010001100101110000
00010101000101001010010010100000100110000110010110
01110110101001011110001000010000001101100101001001
00001100110011110000111101001011100011010000110110
01011010011100010110001100110110010110100111101100
11111001100001000111110111001000101111011110010000
11000010011101110000010011100100111101110011001111
01011100110100110100110110001100110111010101011011
01010010010011100010101000111111010111010011000100
10101001101011000101010010111001101101010010000000
00100011011100101111000011110010011101010101000111
11011011100101100000010101001101010100101000010111
00111101011101110000101100111100011010100010001101
11110101011011000101010111101000100001000110010000
11100111101100010000011010010011010100011111000111
11001110100010100001111111011101100100010000101001
00101110010101000011100100011101010100110110011000
10001000110011001010100000111101110111011011000100
00000001111100001000010010000111001101011000000001
01011110010001000000001101010011110111101001000101
00110110011111110100000101110011001010100000111101
11011101101100010010100001101001100101010010110001
10100000100001001110001010100011111101011101001100
11010010110111101101000010001100100001110001110110
00100001000100100111110000110010001101000111110001
10101000100011011111010101101100010010001001100011
10010101001001100110001000100010111001110000001111
11010011110000000100010100001000000110010000101101
00100010010000000101101001100111010101010001111101
10111001011000000101010011010101001010000101110011
10000001000001010101010101010101111001011000011001
11011001110111100100011110011110010110011000011011
01011001011110100110110101101001011001110101010100
01111101101110010110000010111101010101000010000111
10000010100001101110010001000001010100111101011110
00011110010011101000101000011111110111011001000101
01111110001010000100001101000001010001100111101101
00010000110011001100110111110001001111011111000111
00110100110100101100011111010111011001110100001100
11001010100000111101110111011011000100000000011111
00001000011110000010100001101110010001000001010100
11110101111000011110010011101000101000011111110111
01100100010000001001011100000000011100000010000011
01011101110000110000101001010101010100011101111011
00110110011010010111111001100010011101010001111101
10111001110010011101010101000101111110011011010000
10100111110101010000000110110001100101010101010001
11011110110011011000100000010011110000010001011100
01001110001010100011111101011101001100010010101001
10101100010101001011100111101101000101010111100111
01010101000101111110011011010000001001100100010101
10010110100100001101001001010101010100011101111011
00110110011111100111011101001101011000100110111100
00100001010110000100110010101000001111011101110110
11000110110001101001011111110111101101001001010101
01010001110111101100110110011111100111011101000110
01100111000111100011110101100010011011110011101000
10100001111111011101100100000101110010010101110101
11110101111001010110001111110111011001010101011001
00011010100010001101111101010110110011111101111011
00100110011100010111011101010010011111100111000000
00011100101000000111010101010001111111001110110110
00000001100000110011001111000101111000101110011100
10000111010111010000111010010100000101101101101001
01000111000011000101101101101001011011000111101100
00010001000100000111110000110000001101001100000000
11000011100101010011001001110101000101010000001100
10010001110000111000110000000011000011100101010011
00100111010100010001110101010100011111110011101101
10011100111101001001010111110101101111001000000001
10000111001000100110010011110011011100001100001001
11011101110111101100001011000001000010011001001100
01010001011111100110100101010101010001110111101100
01110101000110010111000011110100011001011100000111
01000100000101111001010100010101100001111100001100
00001110000100001001101100010011010001111101101110
00110100001100110010101000001111011101110110111100
10110101011111000100010010110000101100001011100001
00000001101100110010001001000111100001100100011010
01000000000110000101001010000110010011111000001110
00010111010110100001101101101101001110000111000100
01101101101101001111010001111101110000000011100000
00010001001000111000011100010000000001100001010010
10000110010011111000001000010000000100100101111110
01100100010010000110011101001000000001100001110000
10100100010011011001100110010000101110001011010100
11010100010100110000010010110011111101010110011100
01001111000000010000011111011001100100110001011101
01101001011001100011101001111011011110110101101001
11111101000011001110110001001100010110000110000101
10110001000000111000001101010011010100101110001101
00010111100010000100000011011001010010010000110010
00101100000101010000010100100110011010110100110101
10010101101001011101010010000100110110010100110000
11110001100100110110010100110101100101110111000010
00011111110001000101111111010011000110010100000110
01010000011000100011010100000100010000110011101100
11111101001100011101110100111100110100010110100100
11110101011101101111010010110000100001010110000011
01010010000000001000110111001011110000111100000011
00101001001111100111000101011110010001000000001101
11001101011110000111010011011000110011011001110100
10000000011001010000001001110100110100101001000110
11010001010101110101011101001101010001110000101111
01110011011000000110010100001000000110010000101101
10100000010000001101100001110001000110001100000010
11100111010100101000000100000101010101010101010111
10010110000110011101100111011110010001111001111001
01100110000110110101100101111010011011010110100101
11010001101110010001000001010100111101011110000111
10010010011001111011010001000011001000000111001010
11000110010001000001101001000110000101111101100111
01000000010010100001000000110010000111010110101000
10010000001000011000100101101000100100001010010101
00110101111001011000010000000111100100100001001001
01001111100101100100011011011011010010000100111110
01110010011101000011101001010000010110110110100101
00011101100111000011100011011101011010000110110110
11010010101001010110011010100101000100010101010110
00000010110010010101101001011101010010000100110110
01010011000011010011011000111000010111010110100001
10110100110100001010010011011001010010000011000010
01000110100100110101001010110010101100010000000000
01011100010011101001101101000111010111100001110101
01101011011000110010010000000101001101100110111001
11101001110101001101000011110100101110001101000011
01100101101001111011001111100110000100011011001011
01000011010011011000011110010011110011100001000110
01010100001010010100111001111010010100000100000001
11100100001000010101100000011101011110000111010110
10000101001001100100001011010011011100010110000110
01010110010111111001100111001111100111100100100110
01010110011111100011101101111010010111010001101100
01000100000101011011110101111000011110011010010011
11100111000100001100001000010100101001100110011001
00001110100100011000010111011110010111000000110010
00000100000011000000011100010001001011000011010101
10011000110101000100100000010001110001011011010001
00100001010001101001011011110010110000100000011111
00010100000101001000011111001011000100110100110110
00010000010111110111100101111010010111010110100001
10110100110100011000110011001101000111000110110010
11010000110100110110000101010010101100110101001010
00010010100110110000000101010100100111010000111010
01010000010110110110100101000110010110110001110001
10111000110100001101100101101001010100000110110010
10010100011001010010011101000101101001010101010101
01000010000100000001111000000111010011011000001110
00111100001110100111010100110001000100100100001001
01101101110111011111010111101001011010010111100001
01110101101000011011011011010011110100011111011100
00000011010101011000000110010110110100111101100111
01011100001000110010101001010100001011010010111000
11010000110110010110100111101100111110011000010001
10010100111001111011010101110000100001001101000110
01011101110011000000111000010000100110110001001101
00011111011011100001110101010100011111110011100101
01110001100101010000110101000100010111000011110100
11000001011100011101001101010110111100010110000101
11000010000100110100011001001000110111110101000110
00010110011101010101000101111110011011010110010100
00010000001111000100110010101000001111011101110110
11000000000101010010001100110110100100101010011100
11011111010110010100000100000001000001111101100110
01001100000001100111110001000111001101100001001100
10001101111101010110110001001100010110000110000101
10110001000000111000001101010011010100010100010000
11001011000111110101011011010001000010000001111100
00100100000001100111011100010111001001010101011000
00011001011011010011100011110001100110010110110100
11110110011101011100001000110111111001000101011111
11001100010001010001101110000110010101100101111110
01100111001111100111100100100110010101100111111000
11101101111010010110010101010101000111011110110011
01100010010101001101011100100010010101001101001110
01000100000101011001110101011000010110010001101010
00100011011111010101101100010010001001100011100101
01001001100111001111100111000100011101010101000111
11110011101101100010001111110101010000100011001000
01010011110110001000011101001101100011001101100011
01100111010101010001111101101110010110000001010100
11010101001010000101110011001100101010011011000101
01000100011001110101010100010111111001101101000010
00000100110110000100011001000011100111101100010000
00101111001000100000000100111001011011110100100000
11011001011111011010000011111001110101010100010111
11100110110100001001010100110101110000101001011100
11010100010001100101010101010001110111101100110110
01101001011111110111100001000110010000110001111001
00010000100010010011110000011001000110000011110001
11010101010001111111001110110110001001010100010101
11001010100101110001010100010001010101111000010111
01111001011100000011001000000100000011000000010100
11010001001000000110110100110001101010001000110111
11010101101100010010001001100011100101010010011001
11000100100001101000111010001110110100101100001100
01101100011111110011001101011111001111000101001101
10101100111111010111010011110100101100011010100010
00110111110101011011000101010111101000100001000011
11000001010000110101001000000000100011011100101111
00001111001001110101010100011111011011100101100000
10111101010101000010000111100000101000010111110111
10000000011001110110011111110001100101101111000111
10011010010011010100011111001011100101111000010110
01110101010100010111111001101101000010000001001101
10000100001111000001010000110101001000000000100011
01110010111100001111001001110101010100011111011011
10010110000000000100111110000100000111000001010001
00111110011100010001010100111010001010000111111101
11011001001101001111110100110001001110001000110111
11010101111001001110001010100011111101011101001100
01010111110010101000010011011100110011101000101000
01111111011101100100010000001001011100000001101100
01100101010101010001110111101100110110001001010100
11010111001000100101010011110111100000111011010011
10001010100011111101011101001100000101110000011010
01001011010110000111100100111010001010000111111101
11011001001111010111100110100100111100010111010111
00010001101001000010011101010101000101111110011011
01000111010001110100101111011011110111100100111010
00101000011111110111011001001111010111100110100001
01110001100011010001110011110001011101011001110101
01010001111101101110010110000010111001001010011110
11011110110100101001010111011111100100101000111100
00011101010101000111111100111011011001110110111101
11010001011110001100110010101000001111011101110110
11000001001100000110011101110001101101000101010111
10011101010101000101111110011011010001111000000000
00011010010000010001010101011000010111000010000100
11011001100111010011010110001100101011001100000001
01110100111000101010001111110101110100110011010100
00000100110101100000110010001010110000101100000100
00100110010011000111100100111100011101000011101001
01000001011011011010010100011101000111011110110011
01010111111100000110011101100010011000101101001101
01010011010111000100110110001100110110110100100111
00110011011011100000011001011011010011110110011101
01110000100011001010010101110101011110010000100110
00010000100100110011001101000111111100111010011101
01010100010111111001100111011100010001011100001111
01000110010111000011110100110000010111100111010001
01011001011110010110000101110000100001001101100110
01100000111101110111000110100101100101010101010001
11011110110011011100010111001001010101011000000110
01011011010011100011110001100110010110110100111101
10011101011100001000110101100000110000010011110001
1011011011110001100100